 2019 01 02 10 43 1.23  6.5 
 2019 01 04 09 31 1.33  7.2
 2019 01 07 14 06 1.10  6.8
 2019 01 11 16 19 1.0   5.4
 2019 01 23 22 53 1.61  6.2
 2019 01 29 08 22 1.54  6.78
 2019 02 02 21 45 2.00  8.00
 2019 02 05 7	15	2.35	10.83
 2019 02 08 18	1	1.93	21.93
 2019 02 14 14	23	2.29	5.41
 2019 02 17 0	50	1.40	14.81
 2019 02 20 24	22	2.08	13.21
 2019 02 26 18	29	1.03	16.49
 2019 03 05 09 15   1.27  5.8
 2019 03 08 21	24	0.97	5.74
 2019 03 10 7	6	0.71	6.79
 2019 03 17 22	5	2.11	20.31
 2019 03 19 20	1	2.05	16.82
 2019 03 27 11	30	2.65	20.58
 2019 03 28 14	6	1.54	16.54
 2019 03 31 14	13	1.03	13.11
 2019 04 02 11 25 1.51  11.2
 2019 04 03 12	4	2.28	11.62
 2019 04 06 23	6	0.99	18.88
 2019 04 09 23	39	1.88	16.24
 2019 04 18 13	41	1.23	6.15
 2019 04 26 1	10	2.52	17.91
 2019 04 30 11	58	1.34	19.14
 2019 05 01 06 12 1.89  12.4
 2019 05 08 9	6	1.30	3.11
 2019 05 13 4	29	1.18	18.93
 2019 05 15 8	38	1.68	1.05
 2019 05 21 18	55	2.75	8.51
 2019 05 24 21	20	1.34	4.40
 2019 05 28 14	22	2.32	2.43
 2019 06 03 12	22	0.94	21.62
 2019 06 06 6	34	0.79	19.80
 2019 06 12 0	31	2.60	6.43
 2019 06 17 13	49	1.53	5.52
 2019 06 20 6	20	2.00	21.48
 2019 06 22 9	11	2.36	11.33
 2019 06 29 13 51 2.02  12.7
 2019 07 02 15	17	1.30	12.19
 2019 07 05 23	2	0.73	11.40
 2019 07 17 8	18	1.12	18.73
 2019 07 20 17	36	1.00	1.97
 2019 07 23 1	28	1.72	11.15
 2019 07 26 23	50	2.25	9.33
 2019 07 29 14 39 1.72  12.8
 2019 08 06 03 41 2.61  19.63
 2019 08 08 1	28	1.92	13.75
 2019 08 12 23	30	1.07	4.46
 2019 08 19 8	45	1.79	9.47
 2019 08 21 8	26	2.13	21.01
 2019 08 26 0	50	1.75	6.32
 2019 08 30 15	46	2.14	3.10
 2019 09 01 16 11 2.54  17.45
 2019 09 04 5	57	2.64	7.04
 2019 09 11 3	40	2.43	12.90
 2019 09 19 13	25	0.70	12.02
 2019 09 27 17	22	1.26	20.35
 2019 09 29 12	17	1.78	4.05
 2019 10 04 12 31 1.31  7.4
 2019 10 07 16	15	2.00	1.24
 2019 10 08 1	40	0.96	3.80
 2019 10 14 14	33	1.91	2.62
 2019 10 22 5	53	2.44	18.83
 2019 10 24 24	21	1.51	17.62
 2019 10 28 17	43	1.45	11.98
 2019 10 31 5	21	1.90	13.01
 2019 11 07 20 15 1.85  9.83
 2019 11 09 17	57	2.26	8.33
 2019 11 10 2	37	1.88	19.10
 2019 11 14 6	3	0.58	21.06
 2019 11 18 17	50	1.34	13.22
 2019 11 23 11	26	1.43	17.61
 2019 11 27 1	23	1.99	12.29
 2019 11 29 21	55	0.55	5.52
 2019 12 01 17 45 1.49  8.52
 2019 12 07 13	2	1.36	15.16
 2019 12 09 20	46	2.36	5.92
 2019 12 18 9	9	0.91	18.13
 2019 12 22 0	34	2.30	17.01
 2019 12 24 16	7	0.77	4.79
 2019 12 26 5	41	0.80	17.86
 2019 12 30 0	39	1.42	15.53
  








